2023-04-11 12:43:33 PM,1,1,0,0,0,0,0,1,1,35,5,175,800,1043,800,1.511859
2023-04-11 12:43:35 PM,1,1,0,0,0,0,0,1,2,25,5,797,840,797,840,1.933637
2023-04-11 12:43:36 PM,1,1,0,0,0,0,0,1,3,45,5,1039,890,1039,890,1.376316
2023-04-11 12:43:38 PM,1,1,0,0,0,0,0,1,4,35,15,536,600,536,600,1.398644
2023-04-11 12:43:40 PM,1,1,0,0,0,0,0,1,5,25,15,1045,1130,1045,1130,2.390976
2023-04-11 12:43:41 PM,1,1,0,0,0,0,0,1,6,45,15,170,1030,170,1030,1.3325
2023-04-11 12:43:43 PM,1,1,0,0,0,0,0,1,7,25,25,106,1000,106,1000,1.532742
2023-04-11 12:43:45 PM,1,1,0,0,0,0,0,1,8,35,25,535,730,535,730,1.585522
2023-04-11 12:43:47 PM,1,1,0,0,0,0,0,1,0,45,25,501,608,1161,750,1.966942
2023-04-11 12:43:50 PM,1,0,1,0,0,0,0,1,1,35,5,1029,890,1029,890,2.108507
2023-04-11 12:43:52 PM,1,0,1,0,0,0,0,1,2,25,5,543,800,543,800,1.366945
2023-04-11 12:43:54 PM,1,0,1,0,0,0,0,1,3,45,5,797,840,797,840,1.897799
2023-04-11 12:43:56 PM,1,0,1,0,0,0,0,1,4,25,15,167,534,165,600,2.638844
2023-04-11 12:43:58 PM,1,0,1,0,0,0,0,1,5,35,15,176,1200,176,1200,1.631859
2023-04-11 12:44:00 PM,1,0,1,0,0,0,0,1,6,45,15,150,745,1043,900,2.233139
2023-04-11 12:44:03 PM,1,0,1,0,0,0,0,1,7,35,25,1171,780,1171,780,2.077904
2023-04-11 12:44:05 PM,1,0,1,0,0,0,0,1,8,25,25,779,657,161,780,2.235897
2023-04-11 12:44:08 PM,1,0,1,0,0,0,0,1,0,45,25,152,930,152,930,3.286724
2023-04-11 12:44:12 PM,1,0,0,1,0,0,0,1,1,35,5,1035,970,1035,970,1.246807
2023-04-11 12:44:14 PM,1,0,0,1,0,0,0,1,2,25,5,1027,800,1027,800,1.255287
2023-04-11 12:44:15 PM,1,0,0,1,0,0,0,1,3,45,5,129,840,129,840,1.284138
2023-04-11 12:44:36 PM,1,0,0,1,0,0,0,1,4,25,15,134,600,134,600,21.32923
2023-04-11 12:44:38 PM,1,0,0,1,0,0,0,1,5,35,15,117,1050,117,1050,2.103287
2023-04-11 12:44:44 PM,1,0,0,1,0,0,0,1,6,45,15,755,979,1023,1100,5.620636
2023-04-11 12:44:47 PM,1,0,0,1,0,0,0,1,7,35,25,774,830,774,830,3.044846
2023-04-11 12:44:49 PM,1,0,0,1,0,0,0,1,8,25,25,1177,1000,1177,1000,1.842628
2023-04-11 12:44:53 PM,1,0,0,1,0,0,0,1,0,45,25,1174,900,1174,900,3.375992
2023-04-11 12:44:55 PM,1,0,0,0,0,1,0,1,1,30,5,541,900,541,900,1.35614
2023-04-11 12:44:57 PM,1,0,0,0,0,1,0,1,2,30,5,1035,950,1035,950,1.356277
2023-04-11 12:44:58 PM,1,0,0,0,0,1,0,1,3,30,5,547,900,547,900,1.539642
2023-04-11 12:45:00 PM,1,0,0,0,0,1,0,1,4,30,15,772,980,772,980,2.082855
2023-04-11 12:45:02 PM,1,0,0,0,0,1,0,1,5,30,15,1177,751,1177,751,1.811813
2023-04-11 12:45:04 PM,1,0,0,0,0,1,0,1,6,30,15,170,1000,170,1000,1.678154
2023-04-11 12:45:06 PM,1,0,0,0,0,1,0,1,7,30,25,184,770,184,770,1.773712
2023-04-11 12:45:08 PM,1,0,0,0,0,1,0,1,8,30,25,545,953,755,1100,1.877853
2023-04-11 12:45:10 PM,1,0,0,0,0,1,0,1,0,30,25,1043,870,1043,870,1.794563
2023-04-11 12:45:12 PM,1,0,0,0,0,0,1,1,1,90,5,134,950,134,950,1.224167
2023-04-11 12:45:13 PM,1,0,0,0,0,0,1,1,2,90,5,524,920,524,920,1.288719
2023-04-11 12:45:15 PM,1,0,0,0,0,0,1,1,3,90,5,1166,900,1166,900,1.600388
2023-04-11 12:45:17 PM,1,0,0,0,0,0,1,1,4,90,15,1025,980,1025,980,1.52037
2023-04-11 12:45:18 PM,1,0,0,0,0,0,1,1,5,90,15,775,900,775,900,1.426155
2023-04-11 12:45:20 PM,1,0,0,0,0,0,1,1,6,90,15,128,1000,128,1000,1.600128
2023-04-11 12:45:22 PM,1,0,0,0,0,0,1,1,7,90,25,538,770,538,770,2.269753
2023-04-11 12:45:25 PM,1,0,0,0,0,0,1,1,8,90,25,1028,940,1028,940,2.745239
2023-04-11 12:45:27 PM,1,0,0,0,0,0,1,1,0,90,25,504,870,504,870,1.687881
2023-04-11 12:45:30 PM,1,0,0,0,1,0,0,1,1,35,5,1028,970,1028,970,1.543953
2023-04-11 12:45:31 PM,1,0,0,0,1,0,0,1,2,25,5,1029,900,1029,900,1.814949
2023-04-11 12:45:33 PM,1,0,0,0,1,0,0,1,3,45,5,1018,650,1018,650,1.327515
2023-04-11 12:45:36 PM,1,0,0,0,1,0,0,1,4,25,15,195,680,195,680,2.726166
2023-04-11 12:45:38 PM,1,0,0,0,1,0,0,1,5,35,15,515,750,515,750,2.455368
2023-04-11 12:45:40 PM,1,0,0,0,1,0,0,1,6,45,15,1028,1100,1028,1100,1.465218
2023-04-11 12:45:44 PM,1,0,0,0,1,0,0,1,7,35,25,1039,930,1039,930,3.986649
2023-04-11 12:45:46 PM,1,0,0,0,1,0,0,1,8,25,25,774,852,189,1000,1.746292
2023-04-11 12:45:48 PM,1,0,0,0,1,0,0,1,0,45,25,123,770,113,870,2.837875
2023-04-11 12:45:56 PM,1,1,0,0,0,0,0,2,1,35,5,513-518-,401.0625,520-522,349.3076,2.833221
2023-04-11 12:45:59 PM,1,1,0,0,0,0,0,2,2,25,5,101-1161-,506.6192,182-1161,396.7067,2.751678
2023-04-11 12:46:01 PM,1,1,0,0,0,0,0,2,3,45,5,102-1025-,625.4953,118-129,508.8874,2.255524
2023-04-11 12:46:07 PM,1,1,0,0,0,0,0,2,4,25,15,508-535-,314.0981,790-792,268.1948,6.223816
2023-04-11 12:46:25 PM,1,1,0,0,0,0,0,2,5,35,15,110-117-,230.645,110-117,230.645,17.77757
2023-04-11 12:46:34 PM,1,1,0,0,0,0,0,2,6,45,15,1162-1166-,254.7976,1162-1166,254.7976,8.07225
2023-04-11 12:46:46 PM,1,1,0,0,0,0,0,2,7,25,25,177-784-,479.8787,760-765,320.1489,11.59711
2023-04-11 12:46:48 PM,1,1,0,0,0,0,0,2,8,35,25,146-1160-,304.4946,117-129,259.7313,1.929535
2023-04-11 12:46:51 PM,1,1,0,0,0,0,0,2,0,45,25,539-543-,319.506,106-143,310.5175,2.534485
2023-04-11 12:46:54 PM,1,0,1,0,0,0,0,2,1,35,5,142-525-,589.8925,134-142,517.8466,2.28154
2023-04-11 12:46:56 PM,1,0,1,0,0,0,0,2,2,25,5,146-1194-,573.0247,146-1160,304.4946,1.952637
2023-04-11 12:47:00 PM,1,0,1,0,0,0,0,2,3,45,5,1003-1007-,530.1891,1003-1007,530.1891,3.540314
2023-04-11 12:47:03 PM,1,0,1,0,0,0,0,2,4,35,15,165-781-,613.3786,547-781,345.3364,2.92598
2023-04-11 12:47:05 PM,1,0,1,0,0,0,0,2,5,25,15,113-121-,669.3093,1013-1018,271.3748,2.187729
2023-04-11 12:47:11 PM,1,0,1,0,0,0,0,2,6,45,15,170-509-,343.3529,170-509,343.3529,5.505783
2023-04-11 12:47:15 PM,1,0,1,0,0,0,0,2,7,35,25,523-1002-,294.7142,523-1002,294.7142,3.516968
2023-04-11 12:47:19 PM,1,0,1,0,0,0,0,2,8,25,25,538-790-,308.6422,538-790,308.6422,3.690659
2023-04-11 12:47:24 PM,1,0,1,0,0,0,0,2,0,45,25,114-1152-,360.8489,1013-1018,271.3748,4.468979
2023-04-11 12:47:28 PM,1,0,0,1,0,0,0,2,1,35,5,165-168-,505.3615,165-168,505.3615,2.492523
2023-04-11 12:47:31 PM,1,0,0,1,0,0,0,2,2,25,5,1046-1047-,300.9875,1046-1047,300.9875,2.736984
2023-04-11 12:47:34 PM,1,0,0,1,0,0,0,2,3,45,5,1037-1152-,671.685,1037-1152,671.685,2.886551
2023-04-11 12:47:37 PM,1,0,0,1,0,0,0,2,4,35,15,1017-1020-,237.0469,1017-1020,237.0469,2.55127
2023-04-11 12:47:42 PM,1,0,0,1,0,0,0,2,5,25,15,1018-1020-,278.6964,1018-1020,278.6964,4.928635
2023-04-11 12:47:50 PM,1,0,0,1,0,0,0,2,6,45,15,1166-1182-,393.7673,1166-1172,379.6922,8.060837
2023-04-11 12:48:02 PM,1,0,0,1,0,0,0,2,7,25,25,1032-1157-,164.2698,1032-1157,164.2698,11.83456
2023-04-11 12:48:06 PM,1,0,0,1,0,0,0,2,8,35,25,539-543-,319.506,758-768,270.409,3.164063
2023-04-11 12:48:14 PM,1,0,0,1,0,0,0,2,0,45,25,1026-1027-,303.0278,152-158,297.1886,8.236847
2023-04-11 12:48:18 PM,1,0,0,0,0,1,0,2,1,30,5,134-518-,197.8436,134-518,197.8436,2.688599
2023-04-11 12:48:22 PM,1,0,0,0,0,1,0,2,2,30,5,102-158-,686.0469,102-1025,625.4953,3.267487
2023-04-11 12:48:24 PM,1,0,0,0,0,1,0,2,3,30,5,541-544-,241.3754,541-544,241.3754,2.717377
2023-04-11 12:48:27 PM,1,0,0,0,0,1,0,2,4,30,15,1017-1018-,196.3229,1017-1018,196.3229,1.994843
2023-04-11 12:48:35 PM,1,0,0,0,0,1,0,2,5,30,15,110-118-,232.3136,110-118,232.3136,7.784973
2023-04-11 12:49:30 PM,1,0,0,0,0,1,0,2,6,30,15,1016-1020-,225.551,1016-1020,225.551,55.07538
2023-04-11 12:49:35 PM,1,0,0,0,0,1,0,2,7,30,25,165-543-,298.9758,772-778,240.9965,4.547363
2023-04-11 12:49:39 PM,1,0,0,0,0,1,0,2,8,30,25,152-767-,163.4649,151-152,144.4078,3.69812
2023-04-11 12:49:48 PM,1,0,0,0,0,1,0,2,0,30,25,196-520-,431.8983,520-526,304.7825,8.752838
2023-04-11 12:49:54 PM,1,0,0,0,0,0,1,2,1,90,5,133-146-,347.1096,133-146,347.1096,5.142426
2023-04-11 12:49:57 PM,1,0,0,0,0,0,1,2,2,90,5,521-525-,202.2223,521-525,202.2223,2.1875
2023-04-11 12:49:59 PM,1,0,0,0,0,0,1,2,3,90,5,546-781-,301.4337,546-781,301.4337,1.946991
2023-04-11 12:50:04 PM,1,0,0,0,0,0,1,2,4,90,15,1025-1160-,291.6537,1018-1020,278.6964,5.020386
2023-04-11 12:50:07 PM,1,0,0,0,0,0,1,2,5,90,15,1168-1186-,336.7213,1025-1156,323.5992,3.295959
2023-04-11 12:50:12 PM,1,0,0,0,0,0,1,2,6,90,15,790-791-,282.7821,503-504,249.8918,4.218292
2023-04-11 12:50:22 PM,1,0,0,0,0,0,1,2,7,90,25,199-1165-,216.1574,1183-1185,204.0025,10.44043
2023-04-11 12:50:31 PM,1,0,0,0,0,0,1,2,8,90,25,168-509-,178.1772,168-509,178.1772,8.158539
2023-04-11 12:50:38 PM,1,0,0,0,0,0,1,2,0,90,25,168-509-,178.1772,167-168,176.3779,6.585052
2023-04-11 12:50:45 PM,1,0,0,0,1,0,0,2,1,25,5,1012-1018-,404.735,1012-1018,404.735,5.805817
2023-04-11 12:50:49 PM,1,0,0,0,1,0,0,2,2,35,5,523-1002-,294.7142,523-1002,294.7142,3.540588
2023-04-11 12:51:10 PM,1,0,0,0,1,0,0,2,3,45,5,1166-1195-,405.7998,1166-1195,405.7998,21.62991
2023-04-11 12:51:18 PM,1,0,0,0,1,0,0,2,4,35,15,140-1037-,508.5719,140-1037,508.5719,7.034912
2023-04-11 12:51:26 PM,1,0,0,0,1,0,0,2,5,25,15,1005-1013-,285.4516,1005-1013,285.4516,8.627716
2023-04-11 12:51:30 PM,1,0,0,0,1,0,0,2,6,45,15,146-1160-,304.4946,146-1160,304.4946,3.890717
2023-04-11 12:51:35 PM,1,0,0,0,1,0,0,2,7,35,25,140-1034-,402.5379,1161-1171,232.5779,4.411835
2023-04-11 12:51:38 PM,1,0,0,0,1,0,0,2,8,25,25,1013-1018-,271.3748,1013-1018,271.3748,2.250793
2023-04-11 12:51:42 PM,1,0,0,0,1,0,0,2,0,45,25,110-188-,265.4685,775-1035,197.5341,4.229523
2023-04-13 11:23:50 AM,15,0,0,0,0,1,0,2,1,30,5,102-158-,686.0469,102-1025,625.4953,3.326468
2023-04-13 11:24:18 AM,15,6,30,5,1159-,22.75916
2023-04-13 11:24:19 AM,15,6,30,5,1159-,24.19584
2023-04-13 11:37:58 AM,15,0,0,0,0,1,0,2,1,30,5,134-518-,197.8436,134-518,197.8436,3.31192
2023-04-16 12:17:40 PM,15,0,0,0,0,1,0,2,4,30,5,195-525-,259.3565,134-518,197.8436,1.873253
2023-04-16 12:17:43 PM,15,0,0,1,0,0,0,2,5,25,5,1046-1047-,300.9875,1046-1047,300.9875,1.818487
2023-04-16 12:17:50 PM,15,0,0,1,0,0,0,2,6,45,5,101-1020-,1247.072,1037-1152,671.685,6.882647
2023-04-16 12:17:53 PM,15,0,0,1,0,0,0,2,7,35,15,1013-1022-,697.2574,1017-1020,237.0469,2.478231
2023-04-16 12:17:55 PM,15,0,0,1,0,0,0,2,8,25,15,1018-1020-,278.6964,1018-1020,278.6964,2.12825
2023-04-16 12:17:58 PM,15,0,0,1,0,0,0,2,0,45,15,113-1028-,802.4307,1166-1172,379.6922,2.544022
2023-04-16 12:18:02 PM,15,1,0,0,0,0,0,2,1,35,25,1013-1026-,822.8107,117-129,259.7313,2.037685
2023-04-16 12:18:04 PM,15,1,0,0,0,0,0,2,2,25,25,765-770-,632.6151,760-765,320.1489,1.58839
2023-04-16 12:18:07 PM,15,1,0,0,0,0,0,2,3,45,25,170-752-,569.8911,106-143,310.5175,2.667694
2023-04-16 12:18:10 PM,15,1,0,0,0,0,0,2,4,25,5,117-124-,414.817,182-1161,396.7067,2.157043
2023-04-16 12:18:12 PM,15,1,0,0,0,0,0,2,5,35,5,520-522-,349.3076,520-522,349.3076,1.917507
2023-04-16 12:18:14 PM,15,1,0,0,0,0,0,2,6,45,5,118-129-,508.8874,118-129,508.8874,2.388012
2023-04-16 12:18:17 PM,15,1,0,0,0,0,0,2,7,25,15,174-504-,1011.362,790-792,268.1948,2.509754
2023-04-16 12:18:19 PM,15,1,0,0,0,0,0,2,8,35,15,1020-1171-,691.6454,110-117,230.645,1.902409
2023-04-16 12:18:21 PM,15,1,0,0,0,0,0,2,0,45,15,118-122-,339.9756,1162-1166,254.7976,1.6731
2023-04-16 12:18:29 PM,15,0,1,0,0,0,0,2,1,25,25,170-180-,1557.553,538-790,308.6422,6.768906
2023-04-16 12:18:31 PM,15,0,1,0,0,0,0,2,2,35,25,150-1039-,778.774,523-1002,294.7142,2.186478
2023-04-16 12:18:35 PM,15,0,1,0,0,0,0,2,3,45,25,1013-1018-,271.3748,1013-1018,271.3748,3.08313
2023-04-16 9:35:30 PM,15,0,0,0,0,1,0,2,1,30,5,518-1001-,385.0911,134-518,197.8436,9.995195
2023-04-19 2:25:21 PM,3,0,0,0,0,1,0,1,1,30,5,1035,950,1035,950,2.707462
2023-04-19 2:25:23 PM,3,0,0,0,0,1,0,1,2,30,5,541,900,541,900,1.926022
2023-04-19 2:25:25 PM,3,0,0,0,0,1,0,1,3,30,5,547,900,547,900,2.234676
2023-04-19 2:25:28 PM,3,0,0,0,0,1,0,1,4,30,15,1177,782,1177,782,2.088167
2023-04-19 2:25:30 PM,3,0,0,0,0,1,0,1,5,30,15,772,980,772,980,2.133705
2023-04-19 2:25:33 PM,3,0,0,0,0,1,0,1,6,30,15,170,1000,170,1000,2.910254
2023-04-19 2:25:35 PM,3,0,0,0,0,1,0,1,7,30,25,168,965,755,1100,2.120083
2023-04-19 2:25:37 PM,3,0,0,0,0,1,0,1,8,30,25,1027,690,184,770,2.203796
2023-04-19 2:25:40 PM,3,0,0,0,0,1,0,1,0,30,25,1043,870,1043,870,2.440617
2023-04-19 2:25:44 PM,3,0,0,1,0,0,0,1,1,25,5,1027,800,1027,800,2.281944
2023-04-19 2:25:46 PM,3,0,0,1,0,0,0,1,2,35,5,1035,970,1035,970,1.882046
2023-04-19 2:25:48 PM,3,0,0,1,0,0,0,1,3,45,5,129,840,129,840,2.000866
2023-04-19 2:25:50 PM,3,0,0,1,0,0,0,1,4,25,15,134,600,134,600,2.075306
2023-04-19 2:25:52 PM,3,0,0,1,0,0,0,1,5,35,15,117,1050,117,1050,2.2215
2023-04-19 2:25:54 PM,3,0,0,1,0,0,0,1,6,45,15,526,935,1023,1100,2.090721
2023-04-19 2:25:56 PM,3,0,0,1,0,0,0,1,7,35,25,774,830,774,830,1.934875
2023-04-19 2:25:58 PM,3,0,0,1,0,0,0,1,8,25,25,1177,1000,1177,1000,1.92321
2023-04-19 2:26:00 PM,3,0,0,1,0,0,0,1,0,45,25,1174,900,1174,900,1.872646
2023-04-19 2:26:05 PM,3,1,0,0,0,0,0,1,1,25,5,797,840,797,840,2.218105
2023-04-19 2:26:07 PM,3,1,0,0,0,0,0,1,2,35,5,175,800,175,800,1.86462
2023-04-19 2:26:09 PM,3,1,0,0,0,0,0,1,3,45,5,1039,890,1039,890,1.710423
2023-04-19 2:26:11 PM,3,1,0,0,0,0,0,1,4,25,15,1028,945,1045,1130,2.151932
2023-04-19 2:26:18 PM,3,1,0,0,0,0,0,1,5,35,15,536,600,536,600,6.488594
2023-04-19 2:26:20 PM,3,1,0,0,0,0,0,1,6,45,15,170,1030,170,1030,1.708725
2023-04-19 2:26:29 PM,3,1,0,0,0,0,0,1,7,25,25,106,1000,106,1000,9.039192
2023-04-19 2:26:32 PM,3,1,0,0,0,0,0,1,8,35,25,535,730,535,730,3.595329
2023-04-19 2:26:34 PM,3,1,0,0,0,0,0,1,0,45,25,1161,750,1161,750,1.745796
2023-04-19 2:26:38 PM,3,0,1,0,0,0,0,1,1,35,5,1029,890,1029,890,2.301292
2023-04-19 2:26:40 PM,3,0,1,0,0,0,0,1,2,25,5,543,800,543,800,2.003937
2023-04-19 2:26:43 PM,3,0,1,0,0,0,0,1,3,45,5,797,840,797,840,3.029732
2023-04-19 2:26:46 PM,3,0,1,0,0,0,0,1,4,35,15,176,1200,176,1200,2.655922
2023-04-19 2:26:54 PM,3,0,1,0,0,0,0,1,5,25,15,165,600,165,600,7.676071
2023-04-19 2:26:56 PM,3,0,1,0,0,0,0,1,6,45,15,1046,784,1043,900,2.603378
2023-04-19 2:26:59 PM,3,0,1,0,0,0,0,1,7,25,25,161,780,161,780,2.516808
2023-04-19 2:27:01 PM,3,0,1,0,0,0,0,1,8,35,25,1171,780,1171,780,1.77858
2023-04-19 2:27:04 PM,3,0,1,0,0,0,0,1,0,45,25,152,930,152,930,2.587242
2023-04-19 2:27:08 PM,3,0,0,0,1,0,0,1,1,35,5,1028,970,1028,970,2.206444
2023-04-19 2:27:10 PM,3,0,0,0,1,0,0,1,2,25,5,1029,900,1029,900,2.216347
2023-04-19 2:27:13 PM,3,0,0,0,1,0,0,1,3,45,5,1018,650,1018,650,3.24218
2023-04-19 2:27:16 PM,3,0,0,0,1,0,0,1,4,25,15,1041,529,195,680,2.509766
2023-04-19 2:27:18 PM,3,0,0,0,1,0,0,1,5,35,15,515,750,515,750,1.800034
2023-04-19 2:27:20 PM,3,0,0,0,1,0,0,1,6,45,15,1028,1100,1028,1100,1.781128
2023-04-19 2:27:21 PM,3,0,0,0,1,0,0,1,7,25,25,756,817,189,1000,1.663681
2023-04-19 2:27:24 PM,3,0,0,0,1,0,0,1,8,35,25,1039,930,1039,930,1.935638
2023-04-19 2:27:27 PM,3,0,0,0,1,0,0,1,0,45,25,1159,752,113,870,3.028336
2023-04-19 2:27:29 PM,3,0,0,0,0,0,1,1,1,90,5,134,950,134,950,1.207123
2023-04-19 2:27:31 PM,3,0,0,0,0,0,1,1,2,90,5,524,920,524,920,2.049667
2023-04-19 2:27:33 PM,3,0,0,0,0,0,1,1,3,90,5,1166,900,1166,900,1.84729
2023-04-19 2:27:36 PM,3,0,0,0,0,0,1,1,4,90,15,775,900,775,900,2.554108
2023-04-19 2:27:38 PM,3,0,0,0,0,0,1,1,5,90,15,1025,980,1025,980,1.730331
2023-04-19 2:27:40 PM,3,0,0,0,0,0,1,1,6,90,15,1191,879,128,1000,1.9655
2023-04-19 2:27:48 PM,3,0,0,0,0,0,1,1,7,90,25,172,684,538,770,7.781754
2023-04-19 2:27:49 PM,3,0,0,0,0,0,1,1,8,90,25,1028,940,1028,940,1.631668
2023-04-19 2:27:51 PM,3,0,0,0,0,0,1,1,0,90,25,504,870,504,870,1.915054
2023-04-19 2:27:58 PM,3,0,0,0,0,1,0,2,1,30,5,134-518-,197.8436,134-518,197.8436,2.000061
2023-04-19 2:28:00 PM,3,0,0,0,0,1,0,2,2,30,5,102-158-,686.0469,102-1025,625.4953,2.047546
2023-04-19 2:28:02 PM,3,0,0,0,0,1,0,2,3,30,5,541-544-,241.3754,541-544,241.3754,1.696381
2023-04-19 2:28:16 PM,3,0,0,0,0,1,0,2,4,30,15,118-120-,323.4732,110-118,232.3136,13.88029
2023-04-19 2:28:21 PM,3,0,0,0,0,1,0,2,5,30,15,1017-1018-,196.3229,1017-1018,196.3229,4.76915
2023-04-19 2:28:27 PM,3,0,0,0,0,1,0,2,6,30,15,1016-1020-,225.551,1016-1020,225.551,5.907822
2023-04-19 2:28:32 PM,3,0,0,0,0,1,0,2,7,30,25,151-152-,144.4078,151-152,144.4078,4.478775
2023-04-19 2:28:40 PM,3,0,0,0,0,1,0,2,8,30,25,165-543-,298.9758,772-778,240.9965,7.044434
2023-04-19 2:28:46 PM,3,0,0,0,0,1,0,2,0,30,25,110-120-,307.5092,520-526,304.7825,5.778519
2023-04-19 2:28:49 PM,3,0,0,1,0,0,0,2,1,35,5,165-168-,505.3615,165-168,505.3615,1.962372
2023-04-19 2:28:51 PM,3,0,0,1,0,0,0,2,2,25,5,1046-1047-,300.9875,1046-1047,300.9875,2.341782
2023-04-19 2:28:54 PM,3,0,0,1,0,0,0,2,3,45,5,1037-1152-,671.685,1037-1152,671.685,2.285324
2023-04-19 2:28:57 PM,3,0,0,1,0,0,0,2,4,25,15,117-188-,387.8175,1018-1020,278.6964,2.963455
2023-04-19 2:29:00 PM,3,0,0,1,0,0,0,2,5,35,15,1017-1020-,237.0469,1017-1020,237.0469,2.61586
2023-04-19 2:29:03 PM,3,0,0,1,0,0,0,2,6,45,15,1166-1182-,393.7673,1166-1172,379.6922,3.585953
2023-04-19 2:29:09 PM,3,0,0,1,0,0,0,2,7,25,25,515-1009-,340.3804,1032-1157,164.2698,5.271133
2023-04-19 2:29:14 PM,3,0,0,1,0,0,0,2,8,35,25,539-543-,319.506,758-768,270.409,4.584732
2023-04-19 2:29:17 PM,3,0,0,1,0,0,0,2,0,45,25,1026-1027-,303.0278,152-158,297.1886,2.291656
2023-04-19 2:29:21 PM,3,1,0,0,0,0,0,2,1,35,5,520-522-,349.3076,520-522,349.3076,2.090912
2023-04-19 2:29:23 PM,3,1,0,0,0,0,0,2,2,25,5,117-124-,414.817,182-1161,396.7067,2.623779
2023-04-19 2:29:25 PM,3,1,0,0,0,0,0,2,3,45,5,118-129-,508.8874,118-129,508.8874,1.932068
2023-04-19 2:29:28 PM,3,1,0,0,0,0,0,2,4,35,15,110-117-,230.645,110-117,230.645,2.750366
2023-04-19 2:29:30 PM,3,1,0,0,0,0,0,2,5,25,15,508-535-,314.0981,790-792,268.1948,1.966125
2023-04-19 2:29:33 PM,3,1,0,0,0,0,0,2,6,45,15,1162-1166-,254.7976,1162-1166,254.7976,2.762955
2023-04-19 2:29:37 PM,3,1,0,0,0,0,0,2,7,25,25,186-751-,628.4081,760-765,320.1489,2.675598
2023-04-19 2:29:41 PM,3,1,0,0,0,0,0,2,8,35,25,117-129-,259.7313,117-129,259.7313,3.767944
2023-04-19 2:29:44 PM,3,1,0,0,0,0,0,2,0,45,25,539-543-,319.506,106-143,310.5175,3.179352
2023-04-19 2:30:00 PM,3,0,1,0,0,0,0,2,1,35,5,134-525-,568.3224,134-142,517.8466,14.07651
2023-04-19 2:30:02 PM,3,0,1,0,0,0,0,2,2,25,5,146-1194-,573.0247,146-1160,304.4946,1.949097
2023-04-19 2:30:06 PM,3,0,1,0,0,0,0,2,3,45,5,1003-1007-,530.1891,1003-1007,530.1891,3.910248
2023-04-19 2:30:08 PM,3,0,1,0,0,0,0,2,4,25,15,113-121-,669.3093,1013-1018,271.3748,2.353607
2023-04-19 2:30:11 PM,3,0,1,0,0,0,0,2,5,35,15,547-781-,345.3364,547-781,345.3364,2.338257
2023-04-19 2:30:14 PM,3,0,1,0,0,0,0,2,6,45,15,103-776-,454.0179,170-509,343.3529,2.858246
2023-04-19 2:30:18 PM,3,0,1,0,0,0,0,2,7,25,25,161-788-,605.9226,538-790,308.6422,3.604034
2023-04-19 2:30:21 PM,3,0,1,0,0,0,0,2,8,35,25,765-778-,789.6367,523-1002,294.7142,2.614929
2023-04-19 2:30:24 PM,3,0,1,0,0,0,0,2,0,45,25,184-1177-,417.1103,1013-1018,271.3748,2.339294
2023-04-19 2:30:28 PM,3,0,0,0,1,0,0,2,1,35,5,523-526-,351.1459,523-1002,294.7142,2.48587
2023-04-19 2:30:30 PM,3,0,0,0,1,0,0,2,2,25,5,523-1027-,1180.738,1012-1018,404.735,2.18338
2023-04-19 2:30:33 PM,3,0,0,0,1,0,0,2,3,45,5,1166-1178-,646.1632,1166-1195,405.7998,2.302887
2023-04-19 2:30:35 PM,3,0,0,0,1,0,0,2,4,35,15,1027-1029-,561.5986,140-1037,508.5719,2.16748
2023-04-19 2:30:37 PM,3,0,0,0,1,0,0,2,5,25,15,1005-1022-,515.5792,1005-1013,285.4516,2.322266
2023-04-19 2:30:41 PM,3,0,0,0,1,0,0,2,6,45,15,1011-1017-,641.1635,146-1160,304.4946,3.048798
2023-04-19 2:30:43 PM,3,0,0,0,1,0,0,2,7,35,25,1026-1029-,688.4351,1161-1171,232.5779,2.214783
2023-04-19 2:30:46 PM,3,0,0,0,1,0,0,2,8,25,25,1002-1026-,958.2932,1013-1018,271.3748,2.444336
2023-04-19 2:30:49 PM,3,0,0,0,1,0,0,2,0,45,25,1013-1018-,271.3748,775-1035,197.5341,2.316223
2023-04-19 2:30:53 PM,3,0,0,0,0,0,1,2,1,90,5,1155-1157-,389.3562,133-146,347.1096,2.305328
2023-04-19 2:30:54 PM,3,0,0,0,0,0,1,2,2,90,5,521-522-,265.4397,521-525,202.2223,1.815369
2023-04-19 2:30:56 PM,3,0,0,0,0,0,1,2,3,90,5,546-781-,301.4337,546-781,301.4337,1.863098
2023-04-19 2:30:59 PM,3,0,0,0,0,0,1,2,4,90,15,114-128-,315.4553,1018-1020,278.6964,2.369141
2023-04-19 2:31:01 PM,3,0,0,0,0,0,1,2,5,90,15,1025-1156-,323.5992,1025-1156,323.5992,2.010773
2023-04-19 2:31:03 PM,3,0,0,0,0,0,1,2,6,90,15,168-169-,512.758,503-504,249.8918,1.980133
2023-04-19 2:31:06 PM,3,0,0,0,0,0,1,2,7,90,25,168-509-,178.1772,168-509,178.1772,2.503113
2023-04-19 2:31:09 PM,3,0,0,0,0,0,1,2,8,90,25,118-123-,239.685,1183-1185,204.0025,2.516602
2023-04-19 2:31:12 PM,3,0,0,0,0,0,1,2,0,90,25,168-509-,178.1772,167-168,176.3779,1.998291
2023-04-24 1:03:50 PM,3,0,0,0,0,1,0,1,1,30,5,541,900,541,900,1.729599
2023-04-24 1:03:51 PM,3,0,0,0,0,1,0,1,2,30,5,1013,591,1035,950,1.141785
2023-04-24 1:03:53 PM,3,0,0,0,0,1,0,1,3,30,5,547,900,547,900,1.614197
2023-04-24 1:03:54 PM,3,0,0,0,0,1,0,1,4,30,15,772,980,772,980,1.329773
2023-04-24 1:03:55 PM,3,0,0,0,0,1,0,1,5,30,15,1164,412,118,801,1.209763
2023-04-24 1:03:57 PM,3,0,0,0,0,1,0,1,6,30,15,106,620,170,1000,1.630463
2023-04-24 1:03:58 PM,3,0,0,0,0,1,0,1,7,30,25,1174,453,184,770,1.062363
2023-04-24 1:04:00 PM,3,0,0,0,0,1,0,1,8,30,25,781,680,755,1100,1.362396
2023-04-24 1:04:01 PM,3,0,0,0,0,1,0,1,0,30,25,121,711,1043,870,1.073669
2023-04-24 1:04:43 PM,3,0,0,0,0,1,0,1,1,30,5,1013,669,1035,950,1.93186
2023-04-24 1:04:44 PM,3,0,0,0,0,1,0,1,2,30,5,541,900,541,900,1.293135
2023-04-24 1:04:45 PM,3,0,0,0,0,1,0,1,3,30,5,547,900,547,900,1.142887
2023-04-24 1:04:47 PM,3,0,0,0,0,1,0,1,4,30,15,1171,464,152,711,1.195375
2023-04-24 1:04:48 PM,3,0,0,0,0,1,0,1,5,30,15,758,841,772,980,1.208656
2023-04-24 1:04:49 PM,3,0,0,0,0,1,0,1,6,30,15,540,466,170,1000,1.276922
2023-04-24 1:04:51 PM,3,0,0,0,0,1,0,1,7,30,25,165,597,755,1100,1.376629
2023-04-24 1:04:53 PM,3,0,0,0,0,1,0,1,8,30,25,117,668,184,770,1.610577
2023-04-24 1:04:54 PM,3,0,0,0,0,1,0,1,0,30,25,1028,494,1043,870,1.161783
2023-04-24 1:05:09 PM,3,0,0,1,0,0,0,1,1,25,5,1027,800,1027,800,2.725208
2023-04-24 1:05:10 PM,3,0,0,1,0,0,0,1,2,35,5,1035,970,1035,970,1.568825
2023-04-24 1:05:12 PM,3,0,0,1,0,0,0,1,3,45,5,129,840,129,840,1.400555
2023-04-24 1:05:13 PM,3,0,0,1,0,0,0,1,4,25,15,1001,475,134,600,1.26041
2023-04-24 1:05:14 PM,3,0,0,1,0,0,0,1,5,35,15,117,1050,117,1050,1.104691
2023-04-24 1:05:16 PM,3,0,0,1,0,0,0,1,6,45,15,1026,637,1023,1100,1.310734
2023-04-24 1:05:17 PM,3,0,0,1,0,0,0,1,7,25,25,188,489,1177,1000,1.091827
2023-04-24 1:05:19 PM,3,0,0,1,0,0,0,1,8,35,25,774,830,774,830,1.327969
2023-04-24 1:05:20 PM,3,0,0,1,0,0,0,1,0,45,25,113,577,1174,900,1.530731
2023-04-24 1:05:40 PM,3,1,0,0,0,0,0,1,1,25,5,187,641,797,840,1.764511
2023-04-24 1:05:42 PM,3,1,0,0,0,0,0,1,2,35,5,175,800,175,800,1.595894
2023-04-24 1:05:43 PM,3,1,0,0,0,0,0,1,3,45,5,1035,641,1039,890,1.407623
2023-04-24 1:05:44 PM,3,1,0,0,0,0,0,1,4,25,15,1028,779,1045,1130,1.312698
2023-04-24 1:05:46 PM,3,1,0,0,0,0,0,1,5,35,15,167,277,536,600,1.188049
2023-04-24 1:05:47 PM,3,1,0,0,0,0,0,1,6,45,15,166,690,170,1030,1.141861
2023-04-24 1:05:48 PM,3,1,0,0,0,0,0,1,7,35,25,546,584,535,730,1.293541
2023-04-24 1:05:50 PM,3,1,0,0,0,0,0,1,8,25,25,106,1000,106,1000,1.324524
2023-04-24 1:05:52 PM,3,1,0,0,0,0,0,1,0,45,25,110,564,1161,750,1.864983
2023-04-24 1:06:12 PM,3,0,1,0,0,0,0,1,1,35,5,1029,890,1029,890,2.644402
2023-04-24 1:06:13 PM,3,0,1,0,0,0,0,1,2,25,5,543,800,543,800,1.380287
2023-04-24 1:06:15 PM,3,0,1,0,0,0,0,1,3,45,5,144,574,797,840,1.664459
2023-04-24 1:06:17 PM,3,0,1,0,0,0,0,1,4,25,15,538,406,165,600,1.495529
2023-04-24 1:06:18 PM,3,0,1,0,0,0,0,1,5,35,15,535,988,176,1200,1.279472
2023-04-24 1:06:19 PM,3,0,1,0,0,0,0,1,6,45,15,150,666,1043,900,1.207291
2023-04-24 1:06:21 PM,3,0,1,0,0,0,0,1,7,35,25,1171,780,1171,780,1.596771
2023-04-24 1:06:22 PM,3,0,1,0,0,0,0,1,8,25,25,543,671,161,780,1.280357
2023-04-24 1:06:24 PM,3,0,1,0,0,0,0,1,0,45,25,152,930,152,930,1.77977
2023-04-24 1:06:36 PM,3,0,0,0,1,0,0,1,1,35,5,1028,970,1028,970,2.050041
2023-04-24 1:06:38 PM,3,0,0,0,1,0,0,1,2,25,5,1029,900,1029,900,1.192261
2023-04-24 1:06:39 PM,3,0,0,0,1,0,0,1,3,45,5,1018,650,1018,650,1.260971
2023-04-24 1:06:41 PM,3,0,0,0,1,0,0,1,4,35,15,1035,558,515,750,1.430847
2023-04-24 1:06:42 PM,3,0,0,0,1,0,0,1,5,25,15,1026,490,195,680,1.346725
2023-04-24 1:06:43 PM,3,0,0,0,1,0,0,1,6,45,15,128,719,1028,1100,1.328751
2023-04-24 1:06:45 PM,3,0,0,0,1,0,0,1,7,25,25,543,463,189,1000,1.744598
2023-04-24 1:06:47 PM,3,0,0,0,1,0,0,1,8,35,25,1020,758,1039,930,1.459473
2023-04-24 1:06:48 PM,3,0,0,0,1,0,0,1,0,45,25,113,870,113,870,1.481949
2023-04-24 1:07:01 PM,3,0,0,0,0,0,1,1,1,90,5,134,950,134,950,2.267914
2023-04-24 1:07:02 PM,3,0,0,0,0,0,1,1,2,90,5,524,920,524,920,1.007095
2023-04-24 1:07:04 PM,3,0,0,0,0,0,1,1,3,90,5,1166,900,1166,900,1.630768
2023-04-24 1:07:05 PM,3,0,0,0,0,0,1,1,4,90,15,1160,694,1025,980,1.227829
2023-04-24 1:07:06 PM,3,0,0,0,0,0,1,1,5,90,15,1037,718,775,900,1.228455
2023-04-24 1:07:08 PM,3,0,0,0,0,0,1,1,6,90,15,1025,839,128,1000,1.292572
2023-04-24 1:07:09 PM,3,0,0,0,0,0,1,1,7,90,25,1028,940,1028,940,1.410568
2023-04-24 1:07:12 PM,3,0,0,0,0,0,1,1,8,90,25,541,527,538,770,2.402451
2023-04-24 1:07:14 PM,3,0,0,0,0,0,1,1,0,90,25,538,333,504,870,1.529602
2023-04-24 1:07:51 PM,3,0,0,0,0,1,0,2,1,30,5,102-158-,686.0469,102-1025,625.4953,2.995743
2023-04-24 1:07:52 PM,3,0,0,0,0,1,0,2,2,30,5,134-1001-,448.8328,134-518,197.8436,1.665909
2023-04-24 1:07:54 PM,3,0,0,0,0,1,0,2,3,30,5,544-781-,775.2434,541-544,241.3754,1.358109
2023-04-24 1:07:56 PM,3,0,0,0,0,1,0,2,4,30,15,158-1174-,684.5512,1017-1018,196.3229,2.100616
2023-04-24 1:07:58 PM,3,0,0,0,0,1,0,2,5,30,15,110-118-,232.3136,110-118,232.3136,1.528442
2023-04-24 1:08:00 PM,3,0,0,0,0,1,0,2,6,30,15,1162-1171-,471.2151,1016-1020,225.551,1.630356
2023-04-24 1:08:02 PM,3,0,0,0,0,1,0,2,7,30,25,165-543-,298.9758,772-778,240.9965,1.684067
2023-04-24 1:08:04 PM,3,0,0,0,0,1,0,2,8,30,25,1025-1156-,323.5992,151-152,144.4078,1.358871
2023-04-24 1:08:05 PM,3,0,0,0,0,1,0,2,0,30,25,1034-1038-,629.009,520-526,304.7825,1.512726
2023-04-24 1:08:10 PM,3,0,0,1,0,0,0,2,1,35,5,168-172-,899.9745,165-168,505.3615,2.853226
2023-04-24 1:08:12 PM,3,0,0,1,0,0,0,2,2,25,5,126-1046-,537.8538,1046-1047,300.9875,2.110901
2023-04-24 1:08:14 PM,3,0,0,1,0,0,0,2,3,45,5,1037-1152-,671.685,1037-1152,671.685,1.699677
2023-04-24 1:08:16 PM,3,0,0,1,0,0,0,2,4,25,15,117-140-,1248.07,1018-1020,278.6964,1.948151
2023-04-24 1:08:18 PM,3,0,0,1,0,0,0,2,5,35,15,110-188-,265.4685,1017-1020,237.0469,1.783142
2023-04-24 1:08:20 PM,3,0,0,1,0,0,0,2,6,45,15,133-1156-,409.2437,1166-1172,379.6922,1.76326
2023-04-24 1:08:22 PM,3,0,0,1,0,0,0,2,7,25,25,110-1028-,533.9659,1032-1157,164.2698,1.614304
2023-04-24 1:08:24 PM,3,0,0,1,0,0,0,2,8,35,25,106-778-,719.8558,758-768,270.409,1.897705
2023-04-24 1:08:27 PM,3,0,0,1,0,0,0,2,0,45,25,1016-1028-,722.3384,152-158,297.1886,1.916962
2023-04-24 1:08:31 PM,3,1,0,0,0,0,0,2,1,35,5,518-1003-,697.7175,520-522,349.3076,2.018631
2023-04-24 1:08:33 PM,3,1,0,0,0,0,0,2,2,25,5,101-124-,707.239,182-1161,396.7067,1.784042
2023-04-24 1:08:35 PM,3,1,0,0,0,0,0,2,3,45,5,102-1025-,625.4953,118-129,508.8874,1.861099
2023-04-24 1:08:36 PM,3,1,0,0,0,0,0,2,4,25,15,508-535-,314.0981,790-792,268.1948,1.784393
2023-04-24 1:08:38 PM,3,1,0,0,0,0,0,2,5,35,15,101-117-,848.3994,110-117,230.645,1.697739
2023-04-24 1:08:41 PM,3,1,0,0,0,0,0,2,6,45,15,1162-1174-,428.666,1162-1166,254.7976,1.999634
2023-04-24 1:08:43 PM,3,1,0,0,0,0,0,2,7,25,25,760-780-,402.2859,760-765,320.1489,1.74736
2023-04-24 1:08:45 PM,3,1,0,0,0,0,0,2,8,35,25,117-129-,259.7313,117-129,259.7313,2.138458
2023-04-24 1:08:48 PM,3,1,0,0,0,0,0,2,0,45,25,154-539-,312.4198,106-143,310.5175,2.235397
2023-04-24 1:08:51 PM,3,0,1,0,0,0,0,2,1,35,5,142-525-,589.8925,134-142,517.8466,1.780457
2023-04-24 1:08:53 PM,3,0,1,0,0,0,0,2,2,25,5,146-1194-,573.0247,146-1160,304.4946,1.756622
2023-04-24 1:08:55 PM,3,0,1,0,0,0,0,2,3,45,5,1003-1007-,530.1891,1003-1007,530.1891,2.100647
2023-04-24 1:08:58 PM,3,0,1,0,0,0,0,2,4,35,15,539-547-,608.7787,547-781,345.3364,1.963165
2023-04-24 1:09:00 PM,3,0,1,0,0,0,0,2,5,25,15,1171-1172-,470.7064,1013-1018,271.3748,2.199615
2023-04-24 1:09:03 PM,3,0,1,0,0,0,0,2,6,45,15,760-774-,367.4146,170-509,343.3529,2.45459
2023-04-24 1:09:06 PM,3,0,1,0,0,0,0,2,7,25,25,186-790-,546.9392,538-790,308.6422,3.114441
2023-04-24 1:09:09 PM,3,0,1,0,0,0,0,2,8,35,25,523-1002-,294.7142,523-1002,294.7142,2.420837
2023-04-24 1:09:11 PM,3,0,1,0,0,0,0,2,0,45,25,110-1174-,792.4748,1013-1018,271.3748,2.117462
2023-04-24 1:09:15 PM,3,0,0,0,1,0,0,2,1,35,5,523-526-,351.1459,523-1002,294.7142,2.304016
2023-04-24 1:09:17 PM,3,0,0,0,1,0,0,2,2,25,5,1012-1018-,404.735,1012-1018,404.735,1.934235
2023-04-24 1:09:19 PM,3,0,0,0,1,0,0,2,3,45,5,1166-1195-,405.7998,1166-1195,405.7998,1.89856
2023-04-24 1:09:22 PM,3,0,0,0,1,0,0,2,4,25,15,109-1034-,798.8469,1005-1013,285.4516,2.691254
2023-04-24 1:09:25 PM,3,0,0,0,1,0,0,2,5,35,15,140-775-,957.6604,140-1037,508.5719,2.101257
2023-04-24 1:09:27 PM,3,0,0,0,1,0,0,2,6,45,15,110-113-,609.5837,146-1160,304.4946,1.935394
2023-04-24 1:09:29 PM,3,0,0,0,1,0,0,2,7,25,25,1018-1035-,1093.245,1013-1018,271.3748,2.167969
2023-04-24 1:09:32 PM,3,0,0,0,1,0,0,2,8,35,25,129-1033-,1720.367,1161-1171,232.5779,2.069611
2023-04-24 1:09:35 PM,3,0,0,0,1,0,0,2,0,45,25,188-1037-,768.259,775-1035,197.5341,2.237091
2023-04-24 1:09:38 PM,3,0,0,0,0,0,1,2,1,90,5,521-522-,265.4397,521-525,202.2223,2.273254
2023-04-24 1:09:40 PM,3,0,0,0,0,0,1,2,2,90,5,133-1155-,366.713,133-146,347.1096,2.052277
2023-04-24 1:09:43 PM,3,0,0,0,0,0,1,2,3,90,5,546-781-,301.4337,546-781,301.4337,2.72702
2023-04-24 1:09:45 PM,3,0,0,0,0,0,1,2,4,90,15,101-1025-,329.8153,1025-1156,323.5992,1.903381
2023-04-24 1:09:47 PM,3,0,0,0,0,0,1,2,5,90,15,114-1025-,316.938,1018-1020,278.6964,1.924072
2023-04-24 1:09:50 PM,3,0,0,0,0,0,1,2,6,90,15,505-536-,694.4319,503-504,249.8918,2.266907
2023-04-24 1:09:53 PM,3,0,0,0,0,0,1,2,7,90,25,175-504-,211.1985,168-509,178.1772,2.204163
2023-04-24 1:09:56 PM,3,0,0,0,0,0,1,2,8,90,25,1171-1174-,314.1451,1183-1185,204.0025,2.472137
2023-04-24 1:09:58 PM,3,0,0,0,0,0,1,2,0,90,25,538-790-,308.6422,167-168,176.3779,2.255127
2023-04-27 8:25:09 PM,3,0,0,0,0,1,0,1,1,30,5,541,900,541,900,1.699928
2023-04-27 8:25:11 PM,3,0,0,0,0,1,0,1,2,30,5,1013,796,1035,950,1.571458
2023-04-27 8:25:12 PM,3,0,0,0,0,1,0,1,3,30,5,547,900,547,900,1.508507
2023-04-27 8:25:14 PM,3,0,0,0,0,1,0,1,4,30,15,772,980,772,980,1.80696
2023-04-27 8:25:17 PM,3,0,0,0,0,1,0,1,5,30,15,1171,669,1178,763,2.321657
2023-04-27 8:25:19 PM,3,0,0,0,0,1,0,1,6,30,15,539,798,170,1000,1.847689
2023-04-27 8:25:21 PM,3,0,0,0,0,1,0,1,7,30,25,184,770,184,770,1.974731
2023-04-27 8:25:25 PM,3,0,0,0,0,1,0,1,8,30,25,547,910,755,1100,3.76631
2023-04-27 8:25:27 PM,3,0,0,0,0,1,0,1,0,30,25,1014,696,1043,870,1.989697
2023-04-27 8:25:30 PM,3,0,0,1,0,0,0,1,1,25,5,1027,800,1027,800,2.090235
2023-04-27 8:25:32 PM,3,0,0,1,0,0,0,1,2,35,5,1035,970,1035,970,1.483204
2023-04-27 8:25:34 PM,3,0,0,1,0,0,0,1,3,45,5,129,840,129,840,1.774469
2023-04-27 8:25:36 PM,3,0,0,1,0,0,0,1,4,35,15,117,1050,117,1050,1.844334
2023-04-27 8:25:38 PM,3,0,0,1,0,0,0,1,5,25,15,134,600,134,600,2.750755
2023-04-27 8:25:40 PM,3,0,0,1,0,0,0,1,6,45,15,1026,899,1023,1100,1.94957
2023-04-27 8:25:42 PM,3,0,0,1,0,0,0,1,7,25,25,1177,1000,1177,1000,1.862965
2023-04-27 8:25:44 PM,3,0,0,1,0,0,0,1,8,35,25,795,693,774,830,1.973549
2023-04-27 8:25:46 PM,3,0,0,1,0,0,0,1,0,45,25,1174,900,1174,900,1.709862
2023-04-27 8:25:50 PM,3,1,0,0,0,0,0,1,1,25,5,187,672,797,840,2.008904
2023-04-27 8:25:52 PM,3,1,0,0,0,0,0,1,2,35,5,175,800,175,800,1.907398
2023-04-27 8:25:54 PM,3,1,0,0,0,0,0,1,3,45,5,1039,890,1039,890,1.830444
2023-04-27 8:25:56 PM,3,1,0,0,0,0,0,1,4,35,15,536,600,536,600,1.894264
2023-04-27 8:25:58 PM,3,1,0,0,0,0,0,1,5,25,15,150,982,1045,1130,1.767513
2023-04-27 8:26:00 PM,3,1,0,0,0,0,0,1,6,45,15,170,1030,170,1030,1.883488
2023-04-27 8:26:02 PM,3,1,0,0,0,0,0,1,7,25,25,106,1000,106,1000,1.599903
2023-04-27 8:26:04 PM,3,1,0,0,0,0,0,1,8,35,25,535,730,535,730,2.213684
2023-04-27 8:26:07 PM,3,1,0,0,0,0,0,1,0,45,25,110,628,1161,750,2.742153
2023-04-27 8:26:10 PM,3,0,1,0,0,0,0,1,1,35,5,1035,787,1029,890,2.061371
2023-04-27 8:26:12 PM,3,0,1,0,0,0,0,1,2,25,5,543,800,543,800,1.861603
2023-04-27 8:26:14 PM,3,0,1,0,0,0,0,1,3,45,5,187,716,797,840,1.913193
2023-04-27 8:26:25 PM,3,0,1,0,0,0,0,1,4,25,15,165,600,165,600,11.04337
2023-04-27 8:26:27 PM,3,0,1,0,0,0,0,1,5,35,15,170,1027,176,1200,2.130005
2023-04-27 8:26:30 PM,3,0,1,0,0,0,0,1,6,45,15,1043,900,1043,900,2.017075
2023-04-27 8:26:36 PM,3,0,1,0,0,0,0,1,7,35,25,1171,780,1171,780,6.119965
2023-04-27 8:26:41 PM,3,0,1,0,0,0,0,1,8,25,25,794,688,161,780,4.633247
2023-04-27 8:26:46 PM,3,0,1,0,0,0,0,1,0,45,25,152,930,152,930,5.257851
2023-04-27 8:26:51 PM,3,0,0,0,1,0,0,1,1,25,5,1029,900,1029,900,3.25972
2023-04-27 8:26:58 PM,3,0,0,0,1,0,0,1,2,35,5,1028,970,1028,970,6.87989
2023-04-27 8:27:00 PM,3,0,0,0,1,0,0,1,3,45,5,1018,650,1018,650,1.982292
2023-04-27 8:27:04 PM,3,0,0,0,1,0,0,1,4,25,15,1035,566,195,680,3.687637
2023-04-27 8:27:06 PM,3,0,0,0,1,0,0,1,5,35,15,1028,592,515,750,2.369133
2023-04-27 8:27:09 PM,3,0,0,0,1,0,0,1,6,45,15,1028,1100,1028,1100,2.988182
2023-04-27 8:27:12 PM,3,0,0,0,1,0,0,1,7,25,25,189,1000,189,1000,2.624382
2023-04-27 8:27:15 PM,3,0,0,0,1,0,0,1,8,35,25,1168,799,1039,930,2.776291
2023-04-27 8:27:19 PM,3,0,0,0,1,0,0,1,0,45,25,113,870,113,870,4.65963
2023-04-27 8:27:23 PM,3,0,0,0,0,0,1,1,1,90,5,134,950,134,950,2.02951
2023-04-27 8:27:25 PM,3,0,0,0,0,0,1,1,2,90,5,524,920,524,920,1.816589
2023-04-27 8:27:27 PM,3,0,0,0,0,0,1,1,3,90,5,1166,900,1166,900,2.28241
2023-04-27 8:27:30 PM,3,0,0,0,0,0,1,1,4,90,15,775,900,775,900,3.035187
2023-04-27 8:27:32 PM,3,0,0,0,0,0,1,1,5,90,15,1025,980,1025,980,2.01889
2023-04-27 8:27:35 PM,3,0,0,0,0,0,1,1,6,90,15,146,811,128,1000,2.054214
2023-04-27 8:27:38 PM,3,0,0,0,0,0,1,1,7,90,25,538,770,538,770,3.597214
2023-04-27 8:27:43 PM,3,0,0,0,0,0,1,1,8,90,25,1028,940,1028,940,4.304153
2023-04-27 8:27:45 PM,3,0,0,0,0,0,1,1,0,90,25,509,743,504,870,2.11937
2023-04-27 8:27:54 PM,3,0,0,0,0,1,0,2,1,30,5,134-1001-,448.8328,134-518,197.8436,4.906693
2023-04-27 8:27:57 PM,3,0,0,0,0,1,0,2,2,30,5,102-158-,686.0469,102-1025,625.4953,3.267593
2023-04-27 8:28:00 PM,3,0,0,0,0,1,0,2,3,30,5,528-781-,452.8727,541-544,241.3754,2.644135
2023-04-27 8:28:03 PM,3,0,0,0,0,1,0,2,4,30,15,1017-1018-,196.3229,1017-1018,196.3229,2.797516
2023-04-27 8:28:06 PM,3,0,0,0,0,1,0,2,5,30,15,1034-1038-,629.009,110-118,232.3136,3.196732
2023-04-27 8:28:09 PM,3,0,0,0,0,1,0,2,6,30,15,1016-1020-,225.551,1016-1020,225.551,2.647232
2023-04-27 8:28:14 PM,3,0,0,0,0,1,0,2,7,30,25,165-543-,298.9758,772-778,240.9965,3.906845
2023-04-27 8:28:17 PM,3,0,0,0,0,1,0,2,8,30,25,1025-1156-,323.5992,151-152,144.4078,2.623413
2023-04-27 8:28:20 PM,3,0,0,0,0,1,0,2,0,30,25,1034-1038-,629.009,520-526,304.7825,3.312881
2023-04-27 8:28:24 PM,3,0,0,1,0,0,0,2,1,25,5,1046-1047-,300.9875,1046-1047,300.9875,2.829926
2023-04-27 8:28:28 PM,3,0,0,1,0,0,0,2,2,35,5,503-786-,796.3817,165-168,505.3615,3.181503
2023-04-27 8:28:31 PM,3,0,0,1,0,0,0,2,3,45,5,1037-1152-,671.685,1037-1152,671.685,2.820572
2023-04-27 8:28:34 PM,3,0,0,1,0,0,0,2,4,25,15,117-188-,387.8175,1018-1020,278.6964,3.134842
2023-04-27 8:28:38 PM,3,0,0,1,0,0,0,2,5,35,15,1017-1020-,237.0469,1017-1020,237.0469,3.38829
2023-04-27 8:28:41 PM,3,0,0,1,0,0,0,2,6,45,15,1166-1172-,379.6922,1166-1172,379.6922,3.562286
2023-04-27 8:28:45 PM,3,0,0,1,0,0,0,2,7,25,25,1028-1030-,979.6495,1032-1157,164.2698,3.360672
2023-04-27 8:28:49 PM,3,0,0,1,0,0,0,2,8,35,25,758-768-,270.409,758-768,270.409,3.432526
2023-04-27 8:28:54 PM,3,0,0,1,0,0,0,2,0,45,25,1026-1027-,303.0278,152-158,297.1886,4.222717
2023-04-27 8:29:52 PM,3,1,0,0,0,0,0,2,1,25,5,124-1161-,972.8163,182-1161,396.7067,56.72104
2023-04-27 8:29:57 PM,3,1,0,0,0,0,0,2,2,35,5,513-518-,401.0625,520-522,349.3076,4.798615
2023-04-27 8:29:59 PM,3,1,0,0,0,0,0,2,3,45,5,102-1025-,625.4953,118-129,508.8874,2.563873
2023-04-27 8:30:03 PM,3,1,0,0,0,0,0,2,4,35,15,110-117-,230.645,110-117,230.645,3.387939
2023-04-27 8:30:06 PM,3,1,0,0,0,0,0,2,5,25,15,508-535-,314.0981,790-792,268.1948,3.211334
2023-04-27 8:30:10 PM,3,1,0,0,0,0,0,2,6,45,15,1162-1166-,254.7976,1162-1166,254.7976,2.809509
2023-04-27 8:30:15 PM,3,1,0,0,0,0,0,2,7,35,25,514-1011-,266.3516,117-129,259.7313,4.829163
2023-04-27 8:30:19 PM,3,1,0,0,0,0,0,2,8,25,25,765-770-,632.6151,760-765,320.1489,4.018341
2023-04-27 8:30:58 PM,3,1,0,0,0,0,0,2,0,45,25,539-543-,319.506,106-143,310.5175,38.76764
2023-04-27 8:31:04 PM,3,0,1,0,0,0,0,2,1,35,5,134-142-,517.8466,134-142,517.8466,3.976715
2023-04-27 8:31:43 PM,3,0,1,0,0,0,0,2,2,25,5,146-1162-,733.5696,146-1160,304.4946,39.71054
2023-04-27 8:31:47 PM,3,0,1,0,0,0,0,2,3,45,5,1003-1007-,530.1891,1003-1007,530.1891,3.776184
2023-04-27 8:32:05 PM,3,0,1,0,0,0,0,2,4,25,15,1025-1172-,490.8232,1013-1018,271.3748,17.27161
2023-04-27 8:32:09 PM,3,0,1,0,0,0,0,2,5,35,15,547-781-,345.3364,547-781,345.3364,3.585327
2023-04-27 8:32:14 PM,3,0,1,0,0,0,0,2,6,45,15,755-757-,600.8627,170-509,343.3529,5.499664
2023-04-27 8:32:18 PM,3,0,1,0,0,0,0,2,7,25,25,790-793-,653.3901,538-790,308.6422,3.729309
2023-04-27 8:32:25 PM,3,0,1,0,0,0,0,2,8,35,25,106-196-,639.7137,523-1002,294.7142,6.202698
2023-04-27 8:32:29 PM,3,0,1,0,0,0,0,2,0,45,25,152-184-,462.5903,1013-1018,271.3748,3.851471
2023-04-27 8:32:35 PM,3,0,0,0,1,0,0,2,1,25,5,1012-1022-,564.5234,1012-1018,404.735,3.458893
2023-04-27 8:32:38 PM,3,0,0,0,1,0,0,2,2,35,5,523-526-,351.1459,523-1002,294.7142,2.620544
2023-04-27 8:32:41 PM,3,0,0,0,1,0,0,2,3,45,5,1166-1195-,405.7998,1166-1195,405.7998,3.184875
2023-04-27 8:32:47 PM,3,0,0,0,1,0,0,2,4,35,15,775-1029-,514.8454,140-1037,508.5719,5.806549
2023-04-27 8:32:51 PM,3,0,0,0,1,0,0,2,5,25,15,1005-1013-,285.4516,1005-1013,285.4516,3.698456
2023-04-27 8:32:58 PM,3,0,0,0,1,0,0,2,6,45,15,133-146-,347.1096,146-1160,304.4946,6.491364
2023-04-27 8:33:01 PM,3,0,0,0,1,0,0,2,7,35,25,1161-1171-,232.5779,1161-1171,232.5779,2.990082
2023-04-27 8:33:06 PM,3,0,0,0,1,0,0,2,8,25,25,1013-1018-,271.3748,1013-1018,271.3748,5.01474
2023-04-27 8:33:10 PM,3,0,0,0,1,0,0,2,0,45,25,113-1016-,247.8186,775-1035,197.5341,3.228577
2023-04-27 8:33:14 PM,3,0,0,0,0,0,1,2,1,90,5,521-525-,202.2223,521-525,202.2223,2.467255
2023-04-27 8:33:17 PM,3,0,0,0,0,0,1,2,2,90,5,133-146-,347.1096,133-146,347.1096,2.868317
2023-04-27 8:33:21 PM,3,0,0,0,0,0,1,2,3,90,5,546-781-,301.4337,546-781,301.4337,4.182343
2023-04-27 8:33:24 PM,3,0,0,0,0,0,1,2,4,90,15,1025-1160-,291.6537,1018-1020,278.6964,2.993591
2023-04-27 8:33:28 PM,3,0,0,0,0,0,1,2,5,90,15,1025-1156-,323.5992,1025-1156,323.5992,3.477875
2023-04-27 8:33:31 PM,3,0,0,0,0,0,1,2,6,90,15,177-504-,328.256,503-504,249.8918,2.602386
2023-04-27 8:34:22 PM,3,0,0,0,0,0,1,2,7,90,25,129-1174-,468.4555,1183-1185,204.0025,50.72183
2023-04-27 8:34:51 PM,3,0,0,0,0,0,1,2,8,90,25,507-535-,645.2681,168-509,178.1772,28.86835
2023-04-27 8:34:57 PM,3,0,0,0,0,0,1,2,0,90,25,535-539-,197.8887,167-168,176.3779,5.342468
